30023973311	30023973797	30023974423	30023974901
30023973313	30023973803	30023974441	30023974973
30023973319	30023973817	30023974451	30023974987
30023973323	30023973821	30023974459	30023974990
30023972593	30023973341	30023973827	30023974471
30023972621	30023973347	30023973829	30023974493
30023972633	30023973409	30023973943	30023974523
30023972647	30023973433	30023973949	30023974529
30023972717	30023973449	30023974003	30023974559
30023972761	30023973461	30023974031	30023974571
30023972791	30023973487	30023974061	30023974573
30023972857	30023973493	30023974067	30023974609
30023972941	30023973503	30023974069	30023974613
30023972971	30023973521	30023974093	30023974621
30023972987	30023973541	30023974109	30023974649
30023973017	30023973559	30023974111	30023974699
30023973043	30023973563	30023974147	30023974723
30023972593	30023973341	30023973827	30023974471
30023972621	30023973347	30023973829	30023974493
30023972633	30023973409	30023973943	30023974523
30023972647	30023973433	30023973949	30023974529
30023972717	30023973449	30023974003	30023974559
30023972761	30023973461	30023974031	30023974571
30023972791	30023973487	30023974061	30023974573
30023972857	30023973493	30023974067	30023974609
30023972941	30023973503	30023974069	30023974613
30023972971	30023973521	30023974093	30023974621
30023972987	30023973541	30023974109	30023974649
30023973017	30023973559	30023974111	30023974699
30023973043	30023973563	30023974147	30023974723
30023973061	30023973571	30023974223	30023974787
30023973073	30023973593	30023974241	30023974789
30023973079	30023973643	30023974303	30023974817
30023973103	30023973647	30023974307	30023974831
30023973143	30023973667	30023974319	30023974843
30023973179	30023973677	30023974327	30023974847
30023973191	30023973743	30023974367	30023974861
30023973307	30023973757	30023974381	30023974879
30023973311	30023973797	30023974423	30023974901
30023973313	30023973803	30023974441	30023974973
30023973319	30023973817	30023974451	30023974987
30023973323	30023973821	30023974459	30023974990
30023972593	30023973341	30023973827	30023974471
30023972621	30023973347	30023973829	30023974493
30023972633	30023973409	30023973943	30023974523
30023972647	30023973433	30023973949	30023974529
30023972717	30023973449	30023974003	30023974559
30023972761	30023973461	30023974031	30023974571
30023972791	30023973487	30023974061	30023974573
30023972857	30023973493	30023974067	30023974609
30023972941	30023973503	30023974069	30023974613
30023972971	30023973521	30023974093	30023974621
30023972987	30023973541	30023974109	30023974649
30023973017	30023973559	30023974111	30023974699
30023973043	30023973563	30023974147	30023974723
30023973061	30023973571	30023974223	30023974787
30023973073	30023973593	30023974241	30023974789
30023973079	30023973643	30023974303	30023974817
30023973103	30023973647	30023974307	30023974831
30023973143	30023973667	30023974319	30023974843
30023973179	30023973677	30023974327	30023974847
30023973191	30023973743	30023974367	30023974861
30023973307	30023973757	30023974381	30023974879
30023973311	30023973797	30023974423	30023974901
30023973313	30023973803	30023974441	30023974973
30023973319	30023973817	30023974451	30023974987
30023973323	30023973821	30023974459	30023974990
30023972593	30023973341	30023973827	30023974471
30023972621	30023973347	30023973829	30023974493
30023972633	30023973409	30023973943	30023974523
30023972647	30023973433	30023973949	30023974529
30023972717	30023973449	30023974003	30023974559
30023972761	30023973461	30023974031	30023974571
30023973311	30023973797	30023974423	30023974901
30023973313	30023973803	30023974441	30023974973
30023973319	30023973817	30023974451	30023974987
30023973323	30023973821	30023974459	30023974990
30023972593	30023973341	30023973827	30023974471
30023972621	30023973347	30023973829	30023974493
30023972633	30023973409	30023973943	30023974523
30023972647	30023973433	30023973949	30023974529
30023972717	30023973449	30023974003	30023974559
30023972761	30023973461	30023974031	30023974571
30023972791	30023973487	30023974061	30023974573
30023972857	30023973493	30023974067	30023974609
30023972941	30023973503	30023974069	30023974613
30023972971	30023973521	30023974093	30023974621
30023972987	30023973541	30023974109	30023974649
30023973017	30023973559	30023974111	30023974699
30023973043	30023973563	30023974147	30023974723
30023972593	30023973341	30023973827	30023974471
30023972621	30023973347	30023973829	30023974493
30023972633	30023973409	30023973943	30023974523
30023972647	30023973433	30023973949	30023974529
30023972717	30023973449	30023974003	30023974559
30023972761	30023973461	30023974031	30023974571
30023972791	30023973487	30023974061	30023974573
30023972857	30023973493	30023974067	30023974609
30023972941	30023973503	30023974069	30023974613
30023972971	30023973521	30023974093	30023974621
30023972987	30023973541	30023974109	30023974649
30023973017	30023973559	30023974111	30023974699
30023973043	30023973563	30023974147	30023974723
30023973061	30023973571	30023974223	30023974787
30023973073	30023973593	30023974241	30023974789
30023973079	30023973643	30023974303	30023974817
30023973103	30023973647	30023974307	30023974831
30023973143	30023973667	30023974319	30023974843
30023973179	30023973677	30023974327	30023974847
30023973191	30023973743	30023974367	30023974861
30023973307	30023973757	30023974381	30023974879
30023973311	30023973797	30023974423	30023974901
30023973313	30023973803	30023974441	30023974973
30023973319	30023973817	30023974451	30023974987
30023973323	30023973821	30023974459	30023974990
30023972593	30023973341	30023973827	30023974471
30023972621	30023973347	30023973829	30023974493
30023972633	30023973409	30023973943	30023974523
30023972647	30023973433	30023973949	30023974529
30023972717	30023973449	30023974003	30023974559
30023972761	30023973461	30023974031	30023974571
30023972791	30023973487	30023974061	30023974573
30023972857	30023973493	30023974067	30023974609
30023972941	30023973503	30023974069	30023974613
30023972971	30023973521	30023974093	30023974621
30023972987	30023973541	30023974109	30023974649
30023973017	30023973559	30023974111	30023974699
30023973043	30023973563	30023974147	30023974723
30023973061	30023973571	30023974223	30023974787
30023973073	30023973593	30023974241	30023974789
30023973079	30023973643	30023974303	30023974817
30023973103	30023973647	30023974307	30023974831
30023973143	30023973667	30023974319	30023974843
30023973179	30023973677	30023974327	30023974847
30023973191	30023973743	30023974367	30023974861
30023973307	30023973757	30023974381	30023974879
30023973311	30023973797	30023974423	30023974901
30023973313	30023973803	30023974441	30023974973
30023973319	30023973817	30023974451	30023974987
30023973323	30023973821	30023974459	30023974990
30023972593	30023973341	30023973827	30023974471
30023972621	30023973347	30023973829	30023974493
30023972633	30023973409	30023973943	30023974523
30023972647	30023973433	30023973949	30023974529
30023972717	30023973449	30023974003	30023974559
30023972761	30023973461	30023974031	30023974571
30023973311	30023973797	30023974423	30023974901
30023973313	30023973803	30023974441	30023974973
30023973319	30023973817	30023974451	30023974987
30023973323	30023973821	30023974459	30023974990
30023972593	30023973341	30023973827	30023974471
30023972621	30023973347	30023973829	30023974493
30023972633	30023973409	30023973943	30023974523
30023972647	30023973433	30023973949	30023974529
30023972717	30023973449	30023974003	30023974559
30023972761	30023973461	30023974031	30023974571
30023972791	30023973487	30023974061	30023974573
30023972857	30023973493	30023974067	30023974609
30023972941	30023973503	30023974069	30023974613
30023972971	30023973521	30023974093	30023974621
30023972987	30023973541	30023974109	30023974649
30023973017	30023973559	30023974111	30023974699
30023973043	30023973563	30023974147	30023974723
30023972593	30023973341	30023973827	30023974471
30023972621	30023973347	30023973829	30023974493
30023972633	30023973409	30023973943	30023974523
30023972647	30023973433	30023973949	30023974529
30023972717	30023973449	30023974003	30023974559
30023972761	30023973461	30023974031	30023974571
30023972791	30023973487	30023974061	30023974573
30023972857	30023973493	30023974067	30023974609
30023972941	30023973503	30023974069	30023974613
30023972971	30023973521	30023974093	30023974621
30023972987	30023973541	30023974109	30023974649
30023973017	30023973559	30023974111	30023974699
30023973043	30023973563	30023974147	30023974723
30023973061	30023973571	30023974223	30023974787
30023973073	30023973593	30023974241	30023974789
30023973079	30023973643	30023974303	30023974817
30023973103	30023973647	30023974307	30023974831
30023973143	30023973667	30023974319	30023974843
30023973179	30023973677	30023974327	30023974847
30023973191	30023973743	30023974367	30023974861
30023973307	30023973757	30023974381	30023974879
30023973311	30023973797	30023974423	30023974901
30023973313	30023973803	30023974441	30023974973
30023973319	30023973817	30023974451	30023974987
30023973323	30023973821	30023974459	30023974990
30023972593	30023973341	30023973827	30023974471
30023972621	30023973347	30023973829	30023974493
30023972633	30023973409	30023973943	30023974523
30023972647	30023973433	30023973949	30023974529
30023972717	30023973449	30023974003	30023974559
30023972761	30023973461	30023974031	30023974571
30023972791	30023973487	30023974061	30023974573
30023972857	30023973493	30023974067	30023974609
30023972941	30023973503	30023974069	30023974613
30023972971	30023973521	30023974093	30023974621
30023972987	30023973541	30023974109	30023974649
30023973017	30023973559	30023974111	30023974699
30023973043	30023973563	30023974147	30023974723
30023973061	30023973571	30023974223	30023974787
30023973073	30023973593	30023974241	30023974789
30023973079	30023973643	30023974303	30023974817
30023973103	30023973647	30023974307	30023974831
30023973143	30023973667	30023974319	30023974843
30023973179	30023973677	30023974327	30023974847
30023973191	30023973743	30023974367	30023974861
30023973307	30023973757	30023974381	30023974879
30023973311	30023973797	30023974423	30023974901
30023973313	30023973803	30023974441	30023974973
30023973319	30023973817	30023974451	30023974987
30023973323	30023973821	30023974459	30023974990
30023972593	30023973341	30023973827	30023974471
30023972621	30023973347	30023973829	30023974493
30023972633	30023973409	30023973943	30023974523
30023972647	30023973433	30023973949	30023974529
30023972717	30023973449	30023974003	30023974559
30023972761	30023973461	30023974031	30023974571
30023973311	30023973797	30023974423	30023974901
30023973313	30023973803	30023974441	30023974973
30023973319	30023973817	30023974451	30023974987
30023973323	30023973821	30023974459	30023974990
30023972593	30023973341	30023973827	30023974471
30023972621	30023973347	30023973829	30023974493
30023972633	30023973409	30023973943	30023974523
30023972647	30023973433	30023973949	30023974529
30023972717	30023973449	30023974003	30023974559
30023972761	30023973461	30023974031	30023974571
30023972791	30023973487	30023974061	30023974573
30023972857	30023973493	30023974067	30023974609
30023972941	30023973503	30023974069	30023974613
30023972971	30023973521	30023974093	30023974621
30023972987	30023973541	30023974109	30023974649
30023973017	30023973559	30023974111	30023974699
30023973043	30023973563	30023974147	30023974723
30023972593	30023973341	30023973827	30023974471
30023972621	30023973347	30023973829	30023974493
30023972633	30023973409	30023973943	30023974523
30023972647	30023973433	30023973949	30023974529
30023972717	30023973449	30023974003	30023974559
30023972761	30023973461	30023974031	30023974571
30023972791	30023973487	30023974061	30023974573
30023972857	30023973493	30023974067	30023974609
30023972941	30023973503	30023974069	30023974613
30023972971	30023973521	30023974093	30023974621
30023972987	30023973541	30023974109	30023974649
30023973017	30023973559	30023974111	30023974699
30023973043	30023973563	30023974147	30023974723
30023973061	30023973571	30023974223	30023974787
30023973073	30023973593	30023974241	30023974789
30023973079	30023973643	30023974303	30023974817
30023973103	30023973647	30023974307	30023974831
30023973143	30023973667	30023974319	30023974843
30023973179	30023973677	30023974327	30023974847
30023973191	30023973743	30023974367	30023974861
30023973307	30023973757	30023974381	30023974879
30023973311	30023973797	30023974423	30023974901
30023973313	30023973803	30023974441	30023974973
30023973319	30023973817	30023974451	30023974987
30023973323	30023973821	30023974459	30023974990
30023972593	30023973341	30023973827	30023974471
30023972621	30023973347	30023973829	30023974493
30023972633	30023973409	30023973943	30023974523
30023972647	30023973433	30023973949	30023974529
30023972717	30023973449	30023974003	30023974559
30023972761	30023973461	30023974031	30023974571
30023972791	30023973487	30023974061	30023974573
30023972857	30023973493	30023974067	30023974609
30023972941	30023973503	30023974069	30023974613
30023972971	30023973521	30023974093	30023974621
30023972987	30023973541	30023974109	30023974649
30023973017	30023973559	30023974111	30023974699
30023973043	30023973563	30023974147	30023974723
30023973061	30023973571	30023974223	30023974787
30023973073	30023973593	30023974241	30023974789
30023973079	30023973643	30023974303	30023974817
30023973103	30023973647	30023974307	30023974831
30023973143	30023973667	30023974319	30023974843
30023973179	30023973677	30023974327	30023974847
30023973191	30023973743	30023974367	30023974861
30023973307	30023973757	30023974381	30023974879
30023973311	30023973797	30023974423	30023974901
30023973313	30023973803	30023974441	30023974973
30023973319	30023973817	30023974451	30023974987
30023973323	30023973821	30023974459	30023974990
30023972593	30023973341	30023973827	30023974471
30023972621	30023973347	30023973829	30023974493
30023972633	30023973409	30023973943	30023974523
30023972647	30023973433	30023973949	30023974529
30023972717	30023973449	30023974003	30023974559
30023972761	30023973461	30023974031	30023974571
30023973311	30023973797	30023974423	30023974901
30023973313	30023973803	30023974441	30023974973
30023973319	30023973817	30023974451	30023974987
30023973323	30023973821	30023974459	30023974990
30023972593	30023973341	30023973827	30023974471
30023972621	30023973347	30023973829	30023974493
30023972633	30023973409	30023973943	30023974523
30023972647	30023973433	30023973949	30023974529
30023972717	30023973449	30023974003	30023974559
30023972761	30023973461	30023974031	30023974571
30023972791	30023973487	30023974061	30023974573
30023972857	30023973493	30023974067	30023974609
30023972941	30023973503	30023974069	30023974613
30023972971	30023973521	30023974093	30023974621
30023972987	30023973541	30023974109	30023974649
30023973017	30023973559	30023974111	30023974699
30023973043	30023973563	30023974147	30023974723
30023972593	30023973341	30023973827	30023974471
30023972621	30023973347	30023973829	30023974493
30023972633	30023973409	30023973943	30023974523
30023972647	30023973433	30023973949	30023974529
30023972717	30023973449	30023974003	30023974559
30023972761	30023973461	30023974031	30023974571
30023972791	30023973487	30023974061	30023974573
30023972857	30023973493	30023974067	30023974609
30023972941	30023973503	30023974069	30023974613
30023972971	30023973521	30023974093	30023974621
30023972987	30023973541	30023974109	30023974649
30023973017	30023973559	30023974111	30023974699
30023973043	30023973563	30023974147	30023974723
30023973061	30023973571	30023974223	30023974787
30023973073	30023973593	30023974241	30023974789
30023973079	30023973643	30023974303	30023974817
30023973103	30023973647	30023974307	30023974831
30023973143	30023973667	30023974319	30023974843
30023973179	30023973677	30023974327	30023974847
30023973191	30023973743	30023974367	30023974861
30023973307	30023973757	30023974381	30023974879
30023973311	30023973797	30023974423	30023974901
30023973313	30023973803	30023974441	30023974973
30023973319	30023973817	30023974451	30023974987
30023973323	30023973821	30023974459	30023974990
30023972593	30023973341	30023973827	30023974471
30023972621	30023973347	30023973829	30023974493
30023972633	30023973409	30023973943	30023974523
30023972647	30023973433	30023973949	30023974529
30023972717	30023973449	30023974003	30023974559
30023972761	30023973461	30023974031	30023974571
30023972791	30023973487	30023974061	30023974573
30023972857	30023973493	30023974067	30023974609
30023972941	30023973503	30023974069	30023974613
30023972971	30023973521	30023974093	30023974621
30023972987	30023973541	30023974109	30023974649
30023973017	30023973559	30023974111	30023974699
30023973043	30023973563	30023974147	30023974723
30023973061	30023973571	30023974223	30023974787
30023973073	30023973593	30023974241	30023974789
30023973079	30023973643	30023974303	30023974817
30023973103	30023973647	30023974307	30023974831
30023973143	30023973667	30023974319	30023974843
30023973179	30023973677	30023974327	30023974847
30023973191	30023973743	30023974367	30023974861
30023973307	30023973757	30023974381	30023974879
30023973311	30023973797	30023974423	30023974901
30023973313	30023973803	30023974441	30023974973
30023973319	30023973817	30023974451	30023974987
30023973323	30023973821	30023974459	30023974990
30023972593	30023973341	30023973827	30023974471
30023972621	30023973347	30023973829	30023974493
30023972633	30023973409	30023973943	30023974523
30023972647	30023973433	30023973949	30023974529
30023972717	30023973449	30023974003	30023974559
30023972761	30023973461	30023974031	30023974571
30023973311	30023973797	30023974423	30023974901
30023973313	30023973803	30023974441	30023974973
30023973319	30023973817	30023974451	30023974987
30023973323	30023973821	30023974459	30023974990
30023972593	30023973341	30023973827	30023974471
30023972621	30023973347	30023973829	30023974493
30023972633	30023973409	30023973943	30023974523
30023972647	30023973433	30023973949	30023974529
30023972717	30023973449	30023974003	30023974559
30023972761	30023973461	30023974031	30023974571
30023972791	30023973487	30023974061	30023974573
30023972857	30023973493	30023974067	30023974609
30023972941	30023973503	30023974069	30023974613
30023972971	30023973521	30023974093	30023974621
30023972987	30023973541	30023974109	30023974649
30023973017	30023973559	30023974111	30023974699
30023973043	30023973563	30023974147	30023974723
30023972593	30023973341	30023973827	30023974471
30023972621	30023973347	30023973829	30023974493
30023972633	30023973409	30023973943	30023974523
30023972647	30023973433	30023973949	30023974529
30023972717	30023973449	30023974003	30023974559
30023972761	30023973461	30023974031	30023974571
30023972791	30023973487	30023974061	30023974573
30023972857	30023973493	30023974067	30023974609
30023972941	30023973503	30023974069	30023974613
30023972971	30023973521	30023974093	30023974621
30023972987	30023973541	30023974109	30023974649
30023973017	30023973559	30023974111	30023974699
30023973043	30023973563	30023974147	30023974723
30023973061	30023973571	30023974223	30023974787
30023973073	30023973593	30023974241	30023974789
30023973079	30023973643	30023974303	30023974817
30023973103	30023973647	30023974307	30023974831
30023973143	30023973667	30023974319	30023974843
30023973179	30023973677	30023974327	30023974847
30023973191	30023973743	30023974367	30023974861
30023973307	30023973757	30023974381	30023974879
30023973311	30023973797	30023974423	30023974901
30023973313	30023973803	30023974441	30023974973
30023973319	30023973817	30023974451	30023974987
30023973323	30023973821	30023974459	30023974990
30023972593	30023973341	30023973827	30023974471
30023972621	30023973347	30023973829	30023974493
30023972633	30023973409	30023973943	30023974523
30023972647	30023973433	30023973949	30023974529
30023972717	30023973449	30023974003	30023974559
30023972761	30023973461	30023974031	30023974571
30023972791	30023973487	30023974061	30023974573
30023972857	30023973493	30023974067	30023974609
30023972941	30023973503	30023974069	30023974613
30023972971	30023973521	30023974093	30023974621
30023972987	30023973541	30023974109	30023974649
30023973017	30023973559	30023974111	30023974699
30023973043	30023973563	30023974147	30023974723
30023973061	30023973571	30023974223	30023974787
30023973073	30023973593	30023974241	30023974789
30023973079	30023973643	30023974303	30023974817
30023973103	30023973647	30023974307	30023974831
30023973143	30023973667	30023974319	30023974843
30023973179	30023973677	30023974327	30023974847
30023973191	30023973743	30023974367	30023974861
30023973307	30023973757	30023974381	30023974879
30023973311	30023973797	30023974423	30023974901
30023973313	30023973803	30023974441	30023974973
30023973319	30023973817	30023974451	30023974987
30023973323	30023973821	30023974459	30023974990
30023972593	30023973341	30023973827	30023974471
30023972621	30023973347	30023973829	30023974493
30023972633	30023973409	30023973943	30023974523
30023972647	30023973433	30023973949	30023974529
30023972717	30023973449	30023974003	30023974559
30023972761	30023973461	30023974031	30023974571
30023973311	30023973797	30023974423	30023974901
30023973313	30023973803	30023974441	30023974973
30023973319	30023973817	30023974451	30023974987
30023973323	30023973821	30023974459	30023974990
30023972593	30023973341	30023973827	30023974471
30023972621	30023973347	30023973829	30023974493
30023972633	30023973409	30023973943	30023974523
30023972647	30023973433	30023973949	30023974529
30023972717	30023973449	30023974003	30023974559
30023972761	30023973461	30023974031	30023974571
30023972791	30023973487	30023974061	30023974573
30023972857	30023973493	30023974067	30023974609
30023972941	30023973503	30023974069	30023974613
30023972971	30023973521	30023974093	30023974621
30023972987	30023973541	30023974109	30023974649
30023973017	30023973559	30023974111	30023974699
30023973043	30023973563	30023974147	30023974723
30023972593	30023973341	30023973827	30023974471
30023972621	30023973347	30023973829	30023974493
30023972633	30023973409	30023973943	30023974523
30023972647	30023973433	30023973949	30023974529
30023972717	30023973449	30023974003	30023974559
30023972761	30023973461	30023974031	30023974571
30023972791	30023973487	30023974061	30023974573
30023972857	30023973493	30023974067	30023974609
30023972941	30023973503	30023974069	30023974613
30023972971	30023973521	30023974093	30023974621
30023972987	30023973541	30023974109	30023974649
30023973017	30023973559	30023974111	30023974699
30023973043	30023973563	30023974147	30023974723
30023973061	30023973571	30023974223	30023974787
30023973073	30023973593	30023974241	30023974789
30023973079	30023973643	30023974303	30023974817
30023973103	30023973647	30023974307	30023974831
30023973143	30023973667	30023974319	30023974843
30023973179	30023973677	30023974327	30023974847
30023973191	30023973743	30023974367	30023974861
30023973307	30023973757	30023974381	30023974879
30023973311	30023973797	30023974423	30023974901
30023973313	30023973803	30023974441	30023974973
30023973319	30023973817	30023974451	30023974987
30023973323	30023973821	30023974459	30023974990
30023972593	30023973341	30023973827	30023974471
30023972621	30023973347	30023973829	30023974493
30023972633	30023973409	30023973943	30023974523
30023972647	30023973433	30023973949	30023974529
30023972717	30023973449	30023974003	30023974559
30023972761	30023973461	30023974031	30023974571
30023972791	30023973487	30023974061	30023974573
30023972857	30023973493	30023974067	30023974609
30023972941	30023973503	30023974069	30023974613
30023972971	30023973521	30023974093	30023974621
30023972987	30023973541	30023974109	30023974649
30023973017	30023973559	30023974111	30023974699
30023973043	30023973563	30023974147	30023974723
30023973061	30023973571	30023974223	30023974787
30023973073	30023973593	30023974241	30023974789
30023973079	30023973643	30023974303	30023974817
30023973103	30023973647	30023974307	30023974831
30023973143	30023973667	30023974319	30023974843
30023973179	30023973677	30023974327	30023974847
30023973191	30023973743	30023974367	30023974861
30023973307	30023973757	30023974381	30023974879
30023973311	30023973797	30023974423	30023974901
30023973313	30023973803	30023974441	30023974973
30023973319	30023973817	30023974451	30023974987
30023973323	30023973821	30023974459	30023974990
30023972593	30023973341	30023973827	30023974471
30023972621	30023973347	30023973829	30023974493
30023972633	30023973409	30023973943	30023974523
30023972647	30023973433	30023973949	30023974529
30023972717	30023973449	30023974003	30023974559
30023972761	30023973461	30023974031	30023974571
30023973311	30023973797	30023974423	30023974901
30023973313	30023973803	30023974441	30023974973
30023973319	30023973817	30023974451	30023974987
30023973323	30023973821	30023974459	30023974990
30023972593	30023973341	30023973827	30023974471
30023972621	30023973347	30023973829	30023974493
30023972633	30023973409	30023973943	30023974523
30023972647	30023973433	30023973949	30023974529
30023972717	30023973449	30023974003	30023974559
30023972761	30023973461	30023974031	30023974571
30023972791	30023973487	30023974061	30023974573
30023972857	30023973493	30023974067	30023974609
30023972941	30023973503	30023974069	30023974613
30023972971	30023973521	30023974093	30023974621
30023972987	30023973541	30023974109	30023974649
30023973017	30023973559	30023974111	30023974699
30023973043	30023973563	30023974147	30023974723
30023972593	30023973341	30023973827	30023974471
30023972621	30023973347	30023973829	30023974493
30023972633	30023973409	30023973943	30023974523
30023972647	30023973433	30023973949	30023974529
30023972717	30023973449	30023974003	30023974559
30023972761	30023973461	30023974031	30023974571
30023972791	30023973487	30023974061	30023974573
30023972857	30023973493	30023974067	30023974609
30023972941	30023973503	30023974069	30023974613
30023972971	30023973521	30023974093	30023974621
30023972987	30023973541	30023974109	30023974649
30023973017	30023973559	30023974111	30023974699
30023973043	30023973563	30023974147	30023974723
30023973061	30023973571	30023974223	30023974787
30023973073	30023973593	30023974241	30023974789
30023973079	30023973643	30023974303	30023974817
30023973103	30023973647	30023974307	30023974831
30023973143	30023973667	30023974319	30023974843
30023973179	30023973677	30023974327	30023974847
30023973191	30023973743	30023974367	30023974861
30023973307	30023973757	30023974381	30023974879
30023973311	30023973797	30023974423	30023974901
30023973313	30023973803	30023974441	30023974973
30023973319	30023973817	30023974451	30023974987
30023973323	30023973821	30023974459	30023974990
30023972593	30023973341	30023973827	30023974471
30023972621	30023973347	30023973829	30023974493
30023972633	30023973409	30023973943	30023974523
30023972647	30023973433	30023973949	30023974529
30023972717	30023973449	30023974003	30023974559
30023972761	30023973461	30023974031	30023974571
30023972791	30023973487	30023974061	30023974573
30023972857	30023973493	30023974067	30023974609
30023972941	30023973503	30023974069	30023974613
30023972971	30023973521	30023974093	30023974621
30023972987	30023973541	30023974109	30023974649
30023973017	30023973559	30023974111	30023974699
30023973043	30023973563	30023974147	30023974723
30023973061	30023973571	30023974223	30023974787
30023973073	30023973593	30023974241	30023974789
30023973079	30023973643	30023974303	30023974817
30023973103	30023973647	30023974307	30023974831
30023973143	30023973667	30023974319	30023974843
30023973179	30023973677	30023974327	30023974847
30023973191	30023973743	30023974367	30023974861
30023973307	30023973757	30023974381	30023974879
30023973311	30023973797	30023974423	30023974901
30023973313	30023973803	30023974441	30023974973
30023973319	30023973817	30023974451	30023974987
30023973323	30023973821	30023974459	30023974990
30023972593	30023973341	30023973827	30023974471
30023972621	30023973347	30023973829	30023974493
30023972633	30023973409	30023973943	30023974523
30023972647	30023973433	30023973949	30023974529
30023972717	30023973449	30023974003	30023974559
30023972761	30023973461	30023974031	30023974571
30023973311	30023973797	30023974423	30023974901
30023973313	30023973803	30023974441	30023974973
30023973319	30023973817	30023974451	30023974987
30023973323	30023973821	30023974459	30023974990
30023972593	30023973341	30023973827	30023974471
30023972621	30023973347	30023973829	30023974493
30023972633	30023973409	30023973943	30023974523
30023972647	30023973433	30023973949	30023974529
30023972717	30023973449	30023974003	30023974559
30023972761	30023973461	30023974031	30023974571
30023972791	30023973487	30023974061	30023974573
30023972857	30023973493	30023974067	30023974609
30023972941	30023973503	30023974069	30023974613
30023972971	30023973521	30023974093	30023974621
30023972987	30023973541	30023974109	30023974649
30023973017	30023973559	30023974111	30023974699
30023973043	30023973563	30023974147	30023974723
30023972593	30023973341	30023973827	30023974471
30023972621	30023973347	30023973829	30023974493
30023972633	30023973409	30023973943	30023974523
30023972647	30023973433	30023973949	30023974529
30023972717	30023973449	30023974003	30023974559
30023972761	30023973461	30023974031	30023974571
30023972791	30023973487	30023974061	30023974573
30023972857	30023973493	30023974067	30023974609
30023972941	30023973503	30023974069	30023974613
30023972971	30023973521	30023974093	30023974621
30023972987	30023973541	30023974109	30023974649
30023973017	30023973559	30023974111	30023974699
30023973043	30023973563	30023974147	30023974723
30023973061	30023973571	30023974223	30023974787
30023973073	30023973593	30023974241	30023974789
30023973079	30023973643	30023974303	30023974817
30023973103	30023973647	30023974307	30023974831
30023973143	30023973667	30023974319	30023974843
30023973179	30023973677	30023974327	30023974847
30023973191	30023973743	30023974367	30023974861
30023973307	30023973757	30023974381	30023974879
30023973311	30023973797	30023974423	30023974901
30023973313	30023973803	30023974441	30023974973
30023973319	30023973817	30023974451	30023974987
30023973323	30023973821	30023974459	30023974990
30023972593	30023973341	30023973827	30023974471
30023972621	30023973347	30023973829	30023974493
30023972633	30023973409	30023973943	30023974523
30023972647	30023973433	30023973949	30023974529
30023972717	30023973449	30023974003	30023974559
30023972761	30023973461	30023974031	30023974571
30023972791	30023973487	30023974061	30023974573
30023972857	30023973493	30023974067	30023974609
30023972941	30023973503	30023974069	30023974613
30023972971	30023973521	30023974093	30023974621
30023972987	30023973541	30023974109	30023974649
30023973017	30023973559	30023974111	30023974699
30023973043	30023973563	30023974147	30023974723
30023973061	30023973571	30023974223	30023974787
30023973073	30023973593	30023974241	30023974789
30023973079	30023973643	30023974303	30023974817
30023973103	30023973647	30023974307	30023974831
30023973143	30023973667	30023974319	30023974843
30023973179	30023973677	30023974327	30023974847
30023973191	30023973743	30023974367	30023974861
30023973307	30023973757	30023974381	30023974879
30023973311	30023973797	30023974423	30023974901
30023973313	30023973803	30023974441	30023974973
30023973319	30023973817	30023974451	30023974987
30023973323	30023973821	30023974459	30023974990
30023972593	30023973341	30023973827	30023974471
30023972621	30023973347	30023973829	30023974493
30023972633	30023973409	30023973943	30023974523
30023972647	30023973433	30023973949	30023974529
30023972717	30023973449	30023974003	30023974559
30023972761	30023973461	30023974031	30023974571
30023973311	30023973797	30023974423	30023974901
30023973313	30023973803	30023974441	30023974973
30023973319	30023973817	30023974451	30023974987
30023973323	30023973821	30023974459	30023974990
30023972593	30023973341	30023973827	30023974471
30023972621	30023973347	30023973829	30023974493
30023972633	30023973409	30023973943	30023974523
30023972647	30023973433	30023973949	30023974529
30023972717	30023973449	30023974003	30023974559
30023972761	30023973461	30023974031	30023974571
30023972791	30023973487	30023974061	30023974573
30023972857	30023973493	30023974067	30023974609
30023972941	30023973503	30023974069	30023974613
30023972971	30023973521	30023974093	30023974621
30023972987	30023973541	30023974109	30023974649
30023973017	30023973559	30023974111	30023974699
30023973043	30023973563	30023974147	30023974723
30023972593	30023973341	30023973827	30023974471
30023972621	30023973347	30023973829	30023974493
30023972633	30023973409	30023973943	30023974523
30023972647	30023973433	30023973949	30023974529
30023972717	30023973449	30023974003	30023974559
30023972761	30023973461	30023974031	30023974571
30023972791	30023973487	30023974061	30023974573
30023972857	30023973493	30023974067	30023974609
30023972941	30023973503	30023974069	30023974613
30023972971	30023973521	30023974093	30023974621
30023972987	30023973541	30023974109	30023974649
30023973017	30023973559	30023974111	30023974699
30023973043	30023973563	30023974147	30023974723
30023973061	30023973571	30023974223	30023974787
30023973073	30023973593	30023974241	30023974789
30023973079	30023973643	30023974303	30023974817
30023973103	30023973647	30023974307	30023974831
30023973143	30023973667	30023974319	30023974843
30023973179	30023973677	30023974327	30023974847
30023973191	30023973743	30023974367	30023974861
30023973307	30023973757	30023974381	30023974879
30023973311	30023973797	30023974423	30023974901
30023973313	30023973803	30023974441	30023974973
30023973319	30023973817	30023974451	30023974987
30023973323	30023973821	30023974459	30023974990
30023972593	30023973341	30023973827	30023974471
30023972621	30023973347	30023973829	30023974493
30023972633	30023973409	30023973943	30023974523
30023972647	30023973433	30023973949	30023974529
30023972717	30023973449	30023974003	30023974559
30023972761	30023973461	30023974031	30023974571
30023972791	30023973487	30023974061	30023974573
30023972857	30023973493	30023974067	30023974609
30023972941	30023973503	30023974069	30023974613
30023972971	30023973521	30023974093	30023974621
30023972987	30023973541	30023974109	30023974649
30023973017	30023973559	30023974111	30023974699
30023973043	30023973563	30023974147	30023974723
30023973061	30023973571	30023974223	30023974787
30023973073	30023973593	30023974241	30023974789
30023973079	30023973643	30023974303	30023974817
30023973103	30023973647	30023974307	30023974831
30023973143	30023973667	30023974319	30023974843
30023973179	30023973677	30023974327	30023974847
30023973191	30023973743	30023974367	30023974861
30023973307	30023973757	30023974381	30023974879
30023973311	30023973797	30023974423	30023974901
30023973313	30023973803	30023974441	30023974973
30023973319	30023973817	30023974451	30023974987
30023973323	30023973821	30023974459	30023974990
30023972593	30023973341	30023973827	30023974471
30023972621	30023973347	30023973829	30023974493
30023972633	30023973409	30023973943	30023974523
30023972647	30023973433	30023973949	30023974529
30023972717	30023973449	30023974003	30023974559
30023972761	30023973461	30023974031	30023974571
30023973311	30023973797	30023974423	30023974901
30023973313	30023973803	30023974441	30023974973
30023973319	30023973817	30023974451	30023974987
30023973323	30023973821	30023974459	30023974990
30023972593	30023973341	30023973827	30023974471
30023972621	30023973347	30023973829	30023974493
30023972633	30023973409	30023973943	30023974523
30023972647	30023973433	30023973949	30023974529
30023972717	30023973449	30023974003	30023974559
30023972761	30023973461	30023974031	30023974571
30023972791	30023973487	30023974061	30023974573
30023972857	30023973493	30023974067	30023974609
30023972941	30023973503	30023974069	30023974613
30023972971	30023973521	30023974093	30023974621
30023972987	30023973541	30023974109	30023974649
30023973017	30023973559	30023974111	30023974699
30023973043	30023973563	30023974147	30023974723
30023972593	30023973341	30023973827	30023974471
30023972621	30023973347	30023973829	30023974493
30023972633	30023973409	30023973943	30023974523
30023972647	30023973433	30023973949	30023974529
30023972717	30023973449	30023974003	30023974559
30023972761	30023973461	30023974031	30023974571
30023972791	30023973487	30023974061	30023974573
30023972857	30023973493	30023974067	30023974609
30023972941	30023973503	30023974069	30023974613
30023972971	30023973521	30023974093	30023974621
30023972987	30023973541	30023974109	30023974649
30023973017	30023973559	30023974111	30023974699
30023973043	30023973563	30023974147	30023974723
30023973061	30023973571	30023974223	30023974787
30023973073	30023973593	30023974241	30023974789
30023973079	30023973643	30023974303	30023974817
30023973103	30023973647	30023974307	30023974831
30023973143	30023973667	30023974319	30023974843
30023973179	30023973677	30023974327	30023974847
30023973191	30023973743	30023974367	30023974861
30023973307	30023973757	30023974381	30023974879
30023973311	30023973797	30023974423	30023974901
30023973313	30023973803	30023974441	30023974973
30023973319	30023973817	30023974451	30023974987
30023973323	30023973821	30023974459	30023974990
30023972593	30023973341	30023973827	30023974471
30023972621	30023973347	30023973829	30023974493
30023972633	30023973409	30023973943	30023974523
30023972647	30023973433	30023973949	30023974529
30023972717	30023973449	30023974003	30023974559
30023972761	30023973461	30023974031	30023974571
30023972791	30023973487	30023974061	30023974573
30023972857	30023973493	30023974067	30023974609
30023972941	30023973503	30023974069	30023974613
30023972971	30023973521	30023974093	30023974621
30023972987	30023973541	30023974109	30023974649
30023973017	30023973559	30023974111	30023974699
30023973043	30023973563	30023974147	30023974723
30023973061	30023973571	30023974223	30023974787
30023973073	30023973593	30023974241	30023974789
30023973079	30023973643	30023974303	30023974817
30023973103	30023973647	30023974307	30023974831
30023973143	30023973667	30023974319	30023974843
30023973179	30023973677	30023974327	30023974847
30023973191	30023973743	30023974367	30023974861
30023973307	30023973757	30023974381	30023974879
30023973311	30023973797	30023974423	30023974901
30023973313	30023973803	30023974441	30023974973
30023973319	30023973817	30023974451	30023974987
30023973323	30023973821	30023974459	30023974990
30023972593	30023973341	30023973827	30023974471
30023972621	30023973347	30023973829	30023974493
30023972633	30023973409	30023973943	30023974523
30023972647	30023973433	30023973949	30023974529
30023972717	30023973449	30023974003	30023974559
30023972761	30023973461	30023974031	30023974571
30023973311	30023973797	30023974423	30023974901
30023973313	30023973803	30023974441	30023974973
30023973319	30023973817	30023974451	30023974987
30023973323	30023973821	30023974459	30023974990
30023972593	30023973341	30023973827	30023974471
30023972621	30023973347	30023973829	30023974493
30023972633	30023973409	30023973943	30023974523
30023972647	30023973433	30023973949	30023974529
30023972717	30023973449	30023974003	30023974559
30023972761	30023973461	30023974031	30023974571
30023972791	30023973487	30023974061	30023974573
30023972857	30023973493	30023974067	30023974609
30023972941	30023973503	30023974069	30023974613
30023972971	30023973521	30023974093	30023974621
30023972987	30023973541	30023974109	30023974649
30023973017	30023973559	30023974111	30023974699
30023973043	30023973563	30023974147	30023974723
30023972593	30023973341	30023973827	30023974471
30023972621	30023973347	30023973829	30023974493
30023972633	30023973409	30023973943	30023974523
30023972647	30023973433	30023973949	30023974529
30023972717	30023973449	30023974003	30023974559
30023972761	30023973461	30023974031	30023974571
30023972791	30023973487	30023974061	30023974573
30023972857	30023973493	30023974067	30023974609
30023972941	30023973503	30023974069	30023974613
30023972971	30023973521	30023974093	30023974621
30023972987	30023973541	30023974109	30023974649
30023973017	30023973559	30023974111	30023974699
30023973043	30023973563	30023974147	30023974723
30023973061	30023973571	30023974223	30023974787
30023973073	30023973593	30023974241	30023974789
30023973079	30023973643	30023974303	30023974817
30023973103	30023973647	30023974307	30023974831
30023973143	30023973667	30023974319	30023974843
30023973179	30023973677	30023974327	30023974847
30023973191	30023973743	30023974367	30023974861
30023973307	30023973757	30023974381	30023974879
30023973311	30023973797	30023974423	30023974901
30023973313	30023973803	30023974441	30023974973
30023973319	30023973817	30023974451	30023974987
30023973323	30023973821	30023974459	30023974990
30023972593	30023973341	30023973827	30023974471
30023972621	30023973347	30023973829	30023974493
30023972633	30023973409	30023973943	30023974523
30023972647	30023973433	30023973949	30023974529
30023972717	30023973449	30023974003	30023974559
30023972761	30023973461	30023974031	30023974571
30023972791	30023973487	30023974061	30023974573
30023972857	30023973493	30023974067	30023974609
30023972941	30023973503	30023974069	30023974613
30023972971	30023973521	30023974093	30023974621
30023972987	30023973541	30023974109	30023974649
30023973017	30023973559	30023974111	30023974699
30023973043	30023973563	30023974147	30023974723
30023973061	30023973571	30023974223	30023974787
30023973073	30023973593	30023974241	30023974789
30023973079	30023973643	30023974303	30023974817
30023973103	30023973647	30023974307	30023974831
30023973143	30023973667	30023974319	30023974843
30023973179	30023973677	30023974327	30023974847
30023973191	30023973743	30023974367	30023974861
30023973307	30023973757	30023974381	30023974879
30023973311	30023973797	30023974423	30023974901
30023973313	30023973803	30023974441	30023974973
30023973319	30023973817	30023974451	30023974987
30023973323	30023973821	30023974459	30023974990
30023972593	30023973341	30023973827	30023974471
30023972621	30023973347	30023973829	30023974493
30023972633	30023973409	30023973943	30023974523
30023972647	30023973433	30023973949	30023974529
30023972717	30023973449	30023974003	30023974559
30023972761	30023973461	30023974031	30023974571
